  1  4
 13  4
 43  4
 45  4
 54  4
 60  4
 70  4
 93  4
100  4
156  4
179  4
181  4
190  4
202  4
206  4
217  4
223  4
227  4
237  4
249  4
275  4
278  4
280  4
287  4
291  4
294  4
296  4
299  4
304  4
358  4
406  4
411  4
439  4
454  4
463  4
472  4
490  4
536  4
644  4
681  4
685  4
697  4
702  4
703  4
710  4
712  4
715  4
722  4
725  4
736  4
767  4
781  4
815  4
835  4
843  4
886  4
896  4
903  4
916  4
934  4
939  4
943  4
945  4
951  4
978  4
979  4
 42  6
 59  6
155  6
201  6
226  6
248  6
277  6
286  6
293  6
303  6
405  6
462  6
471  6
489  6
643  6
696  6
721  6
724  6
814  6
834  6
902  6
488  8
695  8
723  8
487 10
486 12