1  4
  2  4
  3  4
 16  4
 29  4
 38  4
 93  4
 96  4
 98  4
114  4
116  4
127  4
138  4
143  4
171  4
180  4
185  4
213  4
217  4
218  4
219  4
250  4
275  4
282  4
283  4
319  4
351  4
355  4
357  4
372  4
386  4
405  4
416  4
419  4
426  4
436  4
448  4
480  4
481  4
482  4
483  4
489  4
497  4
510  4
514  4
520  4
528  4
531  4
534  4
541  4
565  4
588  4
597  4
626  4
639  4
689  4
734  4
758  4
806  4
808  4
814  4
828  4
852  4
895  4
  1  6
 92  6
142  6
170  6
217  6
371  6
425  6
435  6
447  6
480  6
481  6
509  6
513  6
587  6
757  6
807  6
141  8
216  8
424  8
446  8
140 10
423 10
445 10
422 12
444 12